10.000000	0.000
20.000000	0.000
99.348625	0.000
100.068542	0.001
100.793686	0.003
101.524078	0.005
102.259766	0.008
103.000778	0.010
103.747162	0.013
104.498962	0.017
105.256203	0.020
106.018929	0.024
106.787186	0.028
107.561012	0.033
108.340446	0.037
109.125526	0.042
109.916290	0.046
110.712791	0.051
111.515060	0.056
112.323143	0.061
113.137085	0.067
113.956924	0.072
114.782700	0.078
115.614464	0.083
116.452255	0.089
117.296112	0.095
118.146095	0.101
119.002228	0.107
119.864563	0.113
120.733154	0.119
121.608040	0.125
122.489258	0.132
123.376869	0.138
124.270905	0.144
125.171425	0.149
126.078468	0.154
126.992081	0.160
127.912323	0.164
128.839233	0.169
129.772842	0.174
130.713242	0.179
131.660431	0.184
132.614502	0.189
133.575485	0.194
134.543427	0.199
135.518387	0.204
136.500412	0.209
137.489548	0.213
138.485855	0.218
139.489380	0.223
140.500168	0.229
141.518295	0.234
142.543793	0.239
143.576721	0.244
144.617142	0.249
145.665100	0.255
146.720642	0.260
147.783844	0.265
148.854752	0.271
149.933411	0.276
151.019897	0.281
152.114243	0.286
153.216522	0.291
154.326797	0.297
155.445114	0.302
156.571533	0.308
157.706116	0.313
158.848923	0.319
160.000000	0.324
161.159424	0.330
162.327255	0.336
163.503540	0.342
164.688354	0.348
165.881760	0.354
167.083801	0.360
168.294571	0.366
169.514099	0.372
170.742462	0.378
171.979736	0.384
173.225967	0.390
174.481232	0.397
175.745605	0.403
177.019119	0.409
178.301880	0.416
179.593933	0.422
180.895340	0.429
182.206177	0.435
183.526520	0.442
184.856430	0.448
186.195984	0.455
187.545227	0.461
188.904266	0.468
190.273132	0.475
191.651932	0.482
193.040726	0.489
194.439575	0.495
195.848572	0.502
197.267761	0.509
198.697250	0.516
200.137085	0.522
201.587372	0.529
203.048157	0.535
204.519531	0.542
206.001556	0.549
207.494324	0.555
208.997925	0.562
210.512405	0.569
212.037857	0.575
213.574371	0.582
215.122025	0.589
216.680893	0.596
218.251053	0.603
219.832581	0.610
221.425583	0.617
223.030121	0.624
224.646286	0.631
226.274170	0.639
227.913849	0.646
229.565399	0.653
231.228928	0.660
232.904510	0.668
234.592224	0.675
236.292191	0.683
238.004456	0.691
239.729126	0.699
241.466309	0.707
243.216080	0.715
244.978516	0.723
246.753738	0.731
248.541809	0.739
250.342850	0.748
252.156937	0.756
253.984161	0.765
255.824646	0.774
257.678467	0.783
259.545685	0.792
261.426483	0.801
263.320862	0.811
265.229004	0.820
267.150970	0.829
269.086853	0.839
271.036774	0.848
273.000824	0.858
274.979095	0.868
276.971710	0.878
278.978760	0.888
281.000336	0.898
283.036591	0.908
285.087585	0.918
287.153442	0.928
289.234283	0.938
291.330200	0.949
293.441284	0.959
295.567688	0.970
297.709503	0.981
299.866821	0.991
302.039795	1.002
304.228485	1.013
306.433044	1.024
308.653595	1.035
310.890228	1.046
313.143066	1.057
315.412231	1.068
317.697845	1.079
320.000000	1.090
322.318848	1.101
324.654510	1.112
327.007080	1.123
329.376709	1.134
331.763519	1.145
334.167603	1.156
336.589142	1.167
339.028198	1.179
341.484924	1.190
343.959473	1.202
346.451935	1.214
348.962463	1.226
351.491211	1.238
354.038239	1.250
356.603760	1.262
359.187866	1.274
361.790680	1.287
364.412354	1.300
367.053040	1.313
369.712860	1.326
372.391968	1.339
375.090454	1.353
377.808533	1.366
380.546265	1.380
383.303864	1.394
386.081451	1.408
388.879150	1.422
391.697144	1.436
394.535522	1.451
397.394501	1.466
400.274170	1.482
403.174744	1.498
406.096313	1.514
409.039062	1.530
412.003113	1.547
414.988647	1.564
417.995850	1.581
421.024811	1.599
424.075714	1.617
427.148743	1.635
430.244049	1.653
433.361786	1.671
436.502106	1.690
439.665161	1.709
442.851166	1.727
446.060242	1.747
449.292572	1.766
452.548340	1.786
455.827698	1.806
459.130798	1.826
462.457855	1.846
465.809021	1.867
469.184448	1.887
472.584381	1.908
476.008911	1.929
479.458252	1.951
482.932617	1.972
486.432159	1.994
489.957031	2.016
493.507477	2.038
497.083618	2.061
500.685699	2.084
504.313873	2.107
507.968323	2.131
511.649292	2.156
515.356934	2.180
519.091370	2.205
522.852966	2.230
526.641724	2.255
530.458008	2.280
534.301941	2.305
538.173706	2.330
542.073547	2.355
546.001648	2.381
549.958191	2.406
553.943420	2.432
557.957520	2.457
562.000671	2.482
566.073181	2.508
570.175171	2.533
574.306885	2.559
578.468567	2.585
582.660400	2.610
586.882568	2.635
591.135376	2.661
595.419006	2.686
599.733643	2.711
604.079590	2.736
608.456970	2.760
612.866089	2.785
617.307190	2.810
621.780457	2.834
626.286133	2.859
630.824463	2.882
635.395691	2.905
640.000000	2.928
644.637695	2.950
649.309021	2.972
654.014160	2.994
658.753418	3.015
663.527039	3.037
668.335205	3.059
673.178284	3.080
678.056396	3.101
682.969849	3.123
687.918945	3.143
692.903870	3.164
697.924927	3.184
702.982422	3.205
708.076477	3.225
713.207520	3.245
718.375732	3.265
723.581360	3.285
728.824707	3.304
734.106079	3.324
739.425720	3.343
744.783936	3.362
750.180908	3.381
755.617065	3.400
761.092529	3.419
766.607727	3.437
772.162903	3.456
777.758301	3.474
783.394287	3.492
789.071045	3.509
794.789001	3.525
800.548340	3.540
806.349487	3.554
812.192627	3.566
818.078125	3.577
824.006226	3.588
829.977295	3.599
835.991699	3.610
842.049622	3.621
848.151428	3.632
854.297485	3.643
860.488098	3.654
866.723572	3.666
873.004211	3.678
879.330322	3.690
885.702332	3.702
892.120483	3.715
898.585144	3.728
905.096680	3.742
911.655396	3.757
918.261597	3.772
924.915710	3.787
931.618042	3.803
938.368896	3.820
945.168762	3.838
952.017822	3.856
958.916504	3.875
965.865234	3.895
972.864319	3.916
979.914062	3.938
987.014954	3.962
994.167236	3.988
1001.371399	4.018
1008.627747	4.050
1015.936646	4.085
1023.298584	4.123
1030.713867	4.161
1038.182739	4.201
1045.705933	4.242
1053.283447	4.284
1060.916016	4.327
1068.603882	4.370
1076.347412	4.415
1084.147095	4.460
1092.003296	4.506
1099.916382	4.553
1107.886841	4.601
1115.915039	4.650
1124.001343	4.699
1132.146362	4.749
1140.350342	4.799
1148.613770	4.851
1156.937134	4.903
1165.320801	4.955
1173.765137	5.008
1182.270752	5.062
1190.838013	5.116
1199.467285	5.171
1208.159180	5.226
1216.913940	5.281
1225.732178	5.337
1234.614380	5.393
1243.560913	5.448
1252.572266	5.502
1261.648926	5.555
1270.791382	5.608
1280.000000	5.660
1289.275391	5.712
1298.618042	5.764
1308.028320	5.817
1317.506836	5.871
1327.054077	5.924
1336.670410	5.978
1346.356567	6.032
1356.112793	6.087
1365.939697	6.142
1375.837891	6.198
1385.807739	6.254
1395.849854	6.311
1405.964844	6.368
1416.152954	6.426
1426.415039	6.484
1436.751465	6.544
1447.162720	6.603
1457.649414	6.663
1468.212158	6.724
1478.851440	6.785
1489.567871	6.847
1500.361816	6.910
1511.234131	6.973
1522.185059	7.037
1533.215454	7.102
1544.325806	7.167
1555.516602	7.234
1566.788574	7.301
1578.142090	7.369
1589.578003	7.438
1601.096680	7.508
1612.698975	7.578
1624.385254	7.650
1636.156250	7.723
1648.012451	7.797
1659.954590	7.871
1671.983398	7.947
1684.099243	8.024
1696.302856	8.103
1708.594971	8.182
1720.976196	8.262
1733.447144	8.344
1746.008423	8.427
1758.660645	8.511
1771.404663	8.596
1784.240967	8.683
1797.170288	8.770
1810.193359	8.859
1823.310791	8.949
1836.523193	9.040
1849.831421	9.133
1863.236084	9.227
1876.737793	9.322
1890.337524	9.419
1904.035645	9.517
1917.833008	9.616
1931.730469	9.717
1945.728638	9.819
1959.828125	9.924
1974.029907	10.031
1988.334473	10.144
2002.742798	10.263
2017.255493	10.389
2031.873291	10.520
2046.597168	10.654
2061.427734	10.791
2076.365479	10.929
2091.411865	11.068
2106.566895	11.208
2121.832031	11.348
2137.207764	11.488
2152.694824	11.628
2168.294189	11.769
2184.006592	11.909
2199.832764	12.049
2215.773682	12.188
2231.830078	12.328
2248.002686	12.466
2264.292725	12.604
2280.700684	12.741
2297.227539	12.876
2313.874268	13.010
2330.641602	13.143
2347.530273	13.275
2364.541504	13.404
2381.676025	13.532
2398.934570	13.658
2416.318359	13.782
2433.827881	13.903
2451.464355	14.021
2469.228760	14.136
2487.121826	14.246
2505.144531	14.351
2523.297852	14.449
2541.582764	14.543
2560.000000	14.632
2578.550781	14.718
2597.236084	14.800
2616.056641	14.880
2635.013672	14.957
2654.108154	15.030
2673.340820	15.101
2692.713135	15.168
2712.225586	15.233
2731.879395	15.294
2751.675781	15.352
2771.615479	15.406
2791.699707	15.458
2811.929688	15.506
2832.305908	15.551
2852.830078	15.592
2873.502930	15.629
2894.325439	15.664
2915.298828	15.694
2936.424316	15.722
2957.702881	15.745
2979.135742	15.765
3000.723633	15.781
3022.468262	15.793
3044.370117	15.801
3066.430908	15.806
3088.651611	15.805
3111.033203	15.799
3133.577148	15.784
3156.284180	15.760
3179.156006	15.725
3202.193359	15.681
3225.397949	15.632
3248.770508	15.577
3272.312500	15.518
3296.024902	15.456
3319.909180	15.391
3343.966797	15.323
3368.198486	15.252
3392.605713	15.178
3417.189941	15.102
3441.952393	15.024
3466.894287	14.944
3492.016846	14.861
3517.321289	14.776
3542.809326	14.689
3568.481934	14.601
3594.340576	14.510
3620.386719	14.419
3646.621582	14.325
3673.046387	14.231
3699.662842	14.136
3726.472168	14.039
3753.475586	13.941
3780.675049	13.843
3808.071289	13.744
3835.666016	13.644
3863.460938	13.545
3891.457275	13.445
3919.656250	13.345
3948.059814	13.246
3976.668945	13.149
4005.485596	13.057
4034.510986	12.968
4063.746582	12.883
4093.194336	12.801
4122.855469	12.719
4152.730957	12.639
4182.823730	12.559
4213.133789	12.480
4243.664062	12.401
4274.415527	12.323
4305.389648	12.246
4336.588379	12.169
4368.013184	12.093
4399.665527	12.017
4431.547363	11.943
4463.660156	11.869
4496.005371	11.797
4528.585449	11.725
4561.401367	11.654
4594.455078	11.584
4627.748535	11.515
4661.283203	11.447
4695.060547	11.380
4729.083008	11.314
4763.352051	11.249
4797.869141	11.186
4832.636719	11.123
4867.655762	11.062
4902.928711	11.003
4938.457520	10.945
4974.243652	10.888
5010.289062	10.833
5046.595703	10.781
5083.165527	10.730
5120.000000	10.681
5157.101562	10.634
5194.472168	10.588
5232.113281	10.543
5270.027344	10.500
5308.216309	10.458
5346.681641	10.417
5385.426270	10.378
5424.451172	10.340
5463.758789	10.303
5503.351562	10.268
5543.230957	10.234
5583.399414	10.202
5623.859375	10.171
5664.611816	10.141
5705.660156	10.113
5747.005859	10.087
5788.650879	10.061
5830.597656	10.038
5872.848633	10.015
5915.405762	9.994
5958.271484	9.975
6001.447266	9.957
6044.936523	9.941
6088.740234	9.927
6132.861816	9.914
6177.303223	9.904
6222.066406	9.897
6267.154297	9.896
6312.568359	9.902
6358.312012	9.915
6404.386719	9.935
6450.795898	9.959
6497.541016	9.985
6544.625000	10.012
6592.049805	10.041
6639.818359	10.070
6687.933594	10.099
6736.396973	10.128
6785.211426	10.157
6834.379883	10.187
6883.904785	10.216
6933.788574	10.245
6984.033691	10.273
7034.642578	10.301
7085.618652	10.328
7136.963867	10.354
7188.681152	10.379
7240.773438	10.403
7293.243164	10.425
7346.092773	10.445
7399.325684	10.464
7452.944336	10.481
7506.951172	10.497
7561.350098	10.510
7616.142578	10.520
7671.332031	10.528
7726.921875	10.534
7782.914551	10.537
7839.312500	10.535
7896.119629	10.527
7953.337891	10.510
8010.971191	10.481
8069.021973	10.437
8127.493164	10.381
8186.388672	10.317
8245.710938	10.247
8305.461914	10.173
8365.647461	10.095
8426.267578	10.014
8487.328125	9.929
8548.831055	9.842
8610.779297	9.752
8673.176758	9.660
8736.026367	9.565
8799.331055	9.468
8863.094727	9.367
8927.320312	9.265
8992.010742	9.161
9057.170898	9.055
9122.802734	8.948
9188.910156	8.839
9255.497070	8.728
9322.566406	8.615
9390.121094	8.502
9458.166016	8.387
9526.704102	8.272
9595.738281	8.155
9665.273438	8.038
9735.311523	7.920
9805.857422	7.802
9876.915039	7.685
9948.487305	7.569
10020.578125	7.455
10093.191406	7.345
10166.331055	7.236
10240.000000	7.129
10314.203125	7.022
10388.944336	6.916
10464.226562	6.811
10540.054688	6.705
10616.432617	6.600
10693.363281	6.495
10770.852539	6.391
10848.902344	6.287
10927.517578	6.184
11006.703125	6.081
11086.461914	5.979
11166.798828	5.877
11247.718750	5.776
11329.223633	5.676
11411.320312	5.577
11494.011719	5.479
11577.301758	5.381
11661.195312	5.285
11745.697266	5.189
11830.811523	5.094
11916.542969	5.001
12002.894531	4.908
12089.873047	4.817
12177.480469	4.727
12265.723633	4.639
12354.606445	4.553
12444.132812	4.470
12534.308594	4.391
12625.136719	4.317
12716.624023	4.246
12808.773438	4.178
12901.591797	4.113
12995.082031	4.048
13089.250000	3.983
13184.099609	3.920
13279.636719	3.857
13375.867188	3.795
13472.793945	3.735
13570.422852	3.675
13668.759766	3.616
13767.809570	3.557
13867.577148	3.500
13968.067383	3.443
14069.285156	3.387
14171.237305	3.332
14273.927734	3.277
14377.362305	3.222
14481.546875	3.168
14586.486328	3.114
14692.185547	3.061
14798.651367	3.009
14905.888672	2.957
15013.902344	2.905
15122.700195	2.853
15232.285156	2.802
15342.664062	2.751
15453.843750	2.700
15565.829102	2.648
15678.625000	2.595
15792.239258	2.538
15906.675781	2.473
16021.942383	2.395
16138.043945	2.301
16254.986328	2.195
16372.777344	2.079
16491.421875	1.957
16610.923828	1.832
16731.294922	1.705
16852.535156	1.574
16974.656250	1.442
17097.662109	1.307
17221.558594	1.170
17346.353516	1.031
17472.052734	0.890
17598.662109	0.748
17726.189453	0.603
17854.640625	0.458
17984.021484	0.310
18114.341797	0.161
18245.605469	0.011
18377.820312	-0.140
18510.994141	-0.292
18645.132812	-0.446
18780.242188	-0.600
18916.332031	-0.755
19053.408203	-0.911
19191.476562	-1.068
19330.546875	-1.225
19470.623047	-1.380
19611.714844	-1.531
19753.830078	-1.667
19896.974609	-1.775
20041.156250	-1.843
20186.382812	-1.871
20332.662109	-1.881
20480.000000	-1.885
20628.406250	-1.887
20777.888672	-1.889
20928.453125	-1.889
21080.109375	-1.888
21232.865234	-1.886
21386.726562	-1.884
21541.705078	-1.881
21697.804688	-1.877
21855.035156	-1.873
22013.406250	-1.871
